examples/CrabNebula_spectrum.ecsv
# %ECSV 0.9
# ---
# datatype:
# - {name: energy, unit: MeV, datatype: float64}
# - {name: flux, unit: erg / (cm2 s), datatype: float64}
# - {name: flux_error_lo, unit: erg / (cm2 s), datatype: float64}
# - {name: flux_error_hi, unit: erg / (cm2 s), datatype: float64}
# - {name: flux_error, unit: erg / (cm2 s), datatype: float64}
# - {name: component, datatype: string}
# - {name: paper, datatype: string}
# - {name: group, datatype: int64}
# meta: !!omap
# - comments: [This table has been generated using gammapy.datasets.load_crab_flux_points(),
#     The column names have been changed and the observations with a thermal contribution
#       (FIR) have been removed]
energy flux flux_error_lo flux_error_hi flux_error component paper group
3.37058758179e-13 1.5322e-12 4.443e-14 4.443e-14 4.443e-14 nebula baars 0
6.28616268615e-13 2.1736e-12 6.303e-14 6.303e-14 6.303e-14 nebula baars 0
2.32426486064e-12 6.2382e-12 1.8715e-13 1.8715e-13 1.8715e-13 nebula baars 0
2.92803063567e-12 6.4428e-12 1.6107e-13 1.6107e-13 1.6107e-13 nebula baars 0
3.55668674483e-12 8.7376e-12 2.1844e-13 2.1844e-13 2.1844e-13 nebula baars 0
3.62281048829e-12 8.76e-12 2.19e-13 2.19e-13 2.19e-13 nebula baars 0
4.61950686012e-12 1.10583e-11 4.423e-13 4.423e-13 4.423e-13 nebula baars 0
4.61950686012e-12 1.15909e-11 6.955e-13 6.954e-13 6.9545e-13 nebula macias 9
4.92147877427e-12 1.1662e-11 4.665e-13 4.665e-13 4.665e-13 nebula baars 0
5.39294034621e-12 1.27792e-11 7.668e-13 7.668e-13 7.668e-13 nebula baars 0
5.39294034621e-12 1.33946e-11 8.036e-13 8.037e-13 8.0365e-13 nebula macias 9
5.78996070627e-12 1.37908e-11 6.896e-13 6.895e-13 6.8955e-13 nebula macias 9
7.2993740017e-12 1.739e-11 1.0434e-12 1.0434e-12 1.0434e-12 nebula macias 9
7.2993740017e-12 1.6591e-11 9.125e-13 9.125e-13 9.125e-13 nebula baars 0
8.27133510864e-12 1.68e-11 5.04e-13 5.04e-13 5.04e-13 nebula baars 0
8.27133510864e-12 1.76252e-11 1.0575e-12 1.0575e-12 1.0575e-12 nebula macias 9
9.47077712213e-12 1.94601e-11 1.1676e-12 1.1676e-12 1.1676e-12 nebula macias 9
9.47077712213e-12 1.8549e-11 9.275e-13 9.275e-13 9.275e-13 nebula baars 0
1.13317143004e-11 2.2853e-11 1.3712e-12 1.3712e-12 1.3712e-12 nebula macias 9
1.13317143004e-11 2.1783e-11 1.1981e-12 1.1981e-12 1.1981e-12 nebula baars 0
1.30273360543e-11 2.205e-11 6.615e-13 6.615e-13 6.615e-13 nebula baars 0
1.30273360543e-11 2.3306e-11 8.157e-13 8.157e-13 8.157e-13 nebula macias 9
1.32341367023e-11 2.272e-11 1.0224e-12 1.0224e-12 1.0224e-12 nebula baars 0
1.3978662402e-11 2.42684e-11 1.3348e-12 1.3348e-12 1.3348e-12 nebula baars 0
1.3978662402e-11 2.54605e-11 1.5284e-12 1.5283e-12 1.52835e-12 nebula macias 9
1.63774248913e-11 2.68382e-11 1.612e-12 1.6119e-12 1.61195e-12 nebula macias 9
1.63774248913e-11 2.55816e-11 1.1512e-12 1.1512e-12 1.1512e-12 nebula baars 0
1.68735171166e-11 2.96082e-11 8.878e-13 8.878e-13 8.878e-13 nebula macias 9
1.68735171166e-11 2.90088e-11 6.962e-13 6.962e-13 6.962e-13 nebula baars 0
2.06783373587e-11 3.60128e-11 1.8006e-12 1.8006e-12 1.8006e-12 nebula macias 9
2.3490681494e-11 3.66928e-11 1.908e-12 1.908e-12 1.908e-12 nebula baars 0
2.75432774183e-11 3.84282e-11 1.1528e-12 1.1528e-12 1.1528e-12 nebula baars 0
2.75432774183e-11 4.05942e-11 1.4206e-12 1.4207e-12 1.42065e-12 nebula macias 9
3.4118946776e-11 4.64475e-11 1.6721e-12 1.6721e-12 1.6721e-12 nebula baars 0
3.4118946776e-11 4.89817e-11 1.9576e-12 1.9575e-12 1.95755e-12 nebula macias 9
3.87102179369e-11 5.2416e-11 1.5725e-12 1.5725e-12 1.5725e-12 nebula baars 0
5.5788619698e-11 7.0148e-11 2.4552e-12 2.4552e-12 2.4552e-12 nebula baars 0
5.5788619698e-11 7.40919e-11 2.8138e-12 2.8138e-12 2.8138e-12 nebula macias 9
6.40981679011e-11 7.53536e-11 3.923e-12 3.9229e-12 3.92295e-12 nebula macias 9
6.40981679011e-11 7.1455e-11 3.4298e-12 3.4298e-12 3.4298e-12 nebula baars 0
6.61676356487e-11 7.48843e-11 2.6134e-12 2.6134e-12 2.6134e-12 nebula macias 9
6.61676356487e-11 7.152e-11 2.1456e-12 2.1456e-12 2.1456e-12 nebula baars 0
9.21606685172e-11 9.22793e-11 3.7191e-12 3.719e-12 3.71905e-12 nebula macias 9
9.30562648114e-11 9.41083e-11 2.5815e-12 2.5815e-12 2.5815e-12 nebula macias 9
1.29910907445e-10 1.28033e-10 2.382e-11 2.382e-11 2.382e-11 nebula macias 9
1.3565806447e-10 1.19798e-10 1.958e-12 1.959e-12 1.9585e-12 nebula macias 9
1.44326345976e-10 1.24868e-10 2.49734e-11 2.4974e-11 2.49737e-11 nebula macias 9
1.44326345976e-10 1.1866e-10 1.1866e-11 1.1866e-11 1.1866e-11 nebula baars 0
1.6708813686e-10 1.37063e-10 2.4124e-11 2.4123e-11 2.41235e-11 nebula macias 9
2.48969195742e-10 1.80991e-10 4.194e-12 4.194e-12 4.194e-12 nebula macias 9
3.8418961065e-10 2.41398e-10 1.017e-11 1.017e-11 1.017e-11 nebula macias 9
4.5945778693e-10 3.35851e-10 4.0534e-11 4.0534e-11 4.0534e-11 nebula macias 9
4.62749135823e-10 3.24213e-10 3.794e-11 3.3941e-11 3.59405e-11 nebula mezger 11
5.91351382385e-10 3.29843e-10 4.6184e-11 4.6184e-11 4.6184e-11 nebula macias 9
8.97523061433e-10 3.9346e-10 8.2629e-11 8.2629e-11 8.2629e-11 nebula macias 9
9.53774300982e-10 5.99585e-10 1.19917e-10 1.19917e-10 1.19917e-10 nebula bandiera 1
9.55972977816e-10 4.51843e-10 9.5073e-11 9.2732e-11 9.39025e-11 nebula mezger 11
1.03096902284e-09 5.06667e-10 7.5682e-11 7.4328e-11 7.5005e-11 nebula mezger 11
1.24349950402e-09 8.99774e-10 2.32301e-10 2.39776e-10 2.360385e-10 nebula mezger 11
1.24349950402e-09 3.95488e-10 1.23197e-10 1.31054e-10 1.271255e-10 nebula mezger 11
3.10059909821e-09 1.19384e-09 4.77127e-10 4.7666e-10 4.768935e-10 nebula mezger 11
4.13566751302e-09 1.35519e-09 3.98657e-10 4.0476e-10 4.017085e-10 nebula mezger 11
1.59457744353e-06 1.75079e-08 1.7508e-09 1.7508e-09 1.7508e-09 nebula kirshner 8
1.64340883109e-06 1.94001e-08 1.94e-09 1.94e-09 1.94e-09 nebula kirshner 8
1.74761440737e-06 2.29903e-08 2.299e-09 2.2991e-09 2.29905e-09 nebula kirshner 8
1.94780562815e-06 2.45201e-08 2.452e-09 2.452e-09 2.452e-09 nebula kirshner 8
2.05090534243e-06 2.51592e-08 2.516e-09 2.5159e-09 2.51595e-09 nebula kirshner 8
2.12444560811e-06 2.67274e-08 2.6727e-09 2.6728e-09 2.67275e-09 nebula kirshner 8
2.23329254595e-06 2.43779e-08 2.4378e-09 2.4378e-09 2.4378e-09 nebula kirshner 8
2.36943945773e-06 2.5996e-08 2.5996e-09 2.5996e-09 2.5996e-09 nebula kirshner 8
2.45214200252e-06 2.5799e-08 2.5799e-09 2.5799e-09 2.5799e-09 nebula kirshner 8
2.52665308475e-06 2.40408e-08 2.4041e-09 2.4041e-09 2.4041e-09 nebula kirshner 8
2.57955989584e-06 2.41099e-08 2.411e-09 2.411e-09 2.411e-09 nebula kirshner 8
2.71735022767e-06 2.45848e-08 2.4585e-09 2.4585e-09 2.4585e-09 nebula kirshner 8
2.91571866092e-06 2.82145e-08 2.8214e-09 2.8215e-09 2.82145e-09 nebula kirshner 8
3.02514096323e-06 3.20149e-08 3.2015e-09 3.2014e-09 3.20145e-09 nebula kirshner 8
3.11706326089e-06 3.33876e-08 3.3388e-09 3.3387e-09 3.33875e-09 nebula kirshner 8
3.53545746305e-06 3.3326e-08 3.3326e-09 3.3326e-09 3.3326e-09 nebula kirshner 8
3.6597010985e-06 3.36662e-08 3.3667e-09 3.3666e-09 3.36665e-09 nebula kirshner 8
4.60835170251e-06 1.45952e-08 1.4595e-09 1.4596e-09 1.45955e-09 nebula hennessy 6
4.97102121259e-06 2.46589e-08 2.4658e-09 2.4659e-09 2.46585e-09 nebula hennessy 6
5.63826671905e-06 2.37812e-08 2.3781e-09 2.3781e-09 2.3781e-09 nebula hennessy 6
6.88566066708e-06 2.49803e-08 2.498e-09 2.4981e-09 2.49805e-09 nebula hennessy 6
7.65500742686e-06 2.44866e-08 2.4487e-09 2.4486e-09 2.44865e-09 nebula hennessy 6
8.00102479693e-06 2.74494e-08 2.745e-09 2.7449e-09 2.74495e-09 nebula hennessy 6
8.07505736789e-06 2.30725e-08 2.3072e-09 2.3073e-09 2.30725e-09 nebula hennessy 6
0.000300224144794 1.58085e-08 1.867e-10 1.883e-10 1.875e-10 nebula xmm 15
0.000330252121679 1.56317e-08 1.772e-10 1.787e-10 1.7795e-10 nebula xmm 15
0.000363283452594 1.54569e-08 1.68e-10 1.692e-10 1.686e-10 nebula xmm 15
0.000399618528591 1.5284e-08 1.589e-10 1.6e-10 1.5945e-10 nebula xmm 15
0.000439587785386 1.51131e-08 1.5e-10 1.509e-10 1.5045e-10 nebula xmm 15
0.000483554708387 1.49441e-08 1.413e-10 1.42e-10 1.4165e-10 nebula xmm 15
0.000531919138292 1.47769e-08 1.326e-10 1.334e-10 1.33e-10 nebula xmm 15
0.000585120907253 1.46117e-08 1.243e-10 1.248e-10 1.2455e-10 nebula xmm 15
0.000643643838809 1.44483e-08 1.161e-10 1.165e-10 1.163e-10 nebula xmm 15
0.000708020147806 1.42867e-08 1.08e-10 1.083e-10 1.0815e-10 nebula xmm 15
0.000778835280436 1.41269e-08 1.001e-10 1.003e-10 1.002e-10 nebula xmm 15
0.000856733238353 1.39689e-08 9.24e-11 9.25e-11 9.245e-11 nebula xmm 15
0.000942205459516 1.38127e-08 8.48e-11 8.49e-11 8.485e-11 nebula xmm 15
0.00103644346218 1.36582e-08 8.21e-11 8.22e-11 8.215e-11 nebula xmm 15
0.00114010701112 1.35055e-08 8.77e-11 8.77e-11 8.77e-11 nebula xmm 15
0.00125413883557 1.33544e-08 9.3e-11 9.32e-11 9.31e-11 nebula xmm 15
0.00137957595519 1.32051e-08 9.82e-11 9.84e-11 9.83e-11 nebula xmm 15
0.00151755911081 1.30574e-08 1.033e-10 1.036e-10 1.0345e-10 nebula xmm 15
0.00166934313848 1.29114e-08 1.082e-10 1.086e-10 1.084e-10 nebula xmm 15
0.00183630838109 1.2767e-08 1.131e-10 1.136e-10 1.1335e-10 nebula xmm 15
0.00201997324142 1.26242e-08 1.177e-10 1.184e-10 1.1805e-10 nebula xmm 15
0.00222200799063 1.2483e-08 1.223e-10 1.231e-10 1.227e-10 nebula xmm 15
0.00244424995795 1.23434e-08 1.268e-10 1.276e-10 1.272e-10 nebula xmm 15
0.0026887202396 1.22054e-08 1.311e-10 1.321e-10 1.316e-10 nebula xmm 15
0.00295764207884 1.20689e-08 1.354e-10 1.364e-10 1.359e-10 nebula xmm 15
0.00325346108446 1.19339e-08 1.394e-10 1.406e-10 1.4e-10 nebula xmm 15
0.00357804350161 1.18004e-08 1.434e-10 1.448e-10 1.441e-10 nebula xmm 15
0.00393591414399 1.16684e-08 1.473e-10 1.488e-10 1.4805e-10 nebula xmm 15
0.00432957848107 1.1538e-08 1.511e-10 1.527e-10 1.519e-10 nebula xmm 15
0.00476261654547 1.14089e-08 1.548e-10 1.565e-10 1.5565e-10 nebula xmm 15
0.0052389664394 1.12813e-08 1.583e-10 1.602e-10 1.5925e-10 nebula xmm 15
0.00576296014835 1.11552e-08 1.618e-10 1.638e-10 1.628e-10 nebula xmm 15
0.00633936293644 1.10304e-08 1.652e-10 1.673e-10 1.6625e-10 nebula xmm 15
0.00697341668269 1.0907e-08 1.684e-10 1.708e-10 1.696e-10 nebula xmm 15
0.00767088755099 1.07851e-08 1.717e-10 1.74e-10 1.7285e-10 nebula xmm 15
0.00843811842849 1.06644e-08 1.747e-10 1.773e-10 1.76e-10 nebula xmm 15
0.00928208660864 1.05452e-08 1.777e-10 1.804e-10 1.7905e-10 nebula xmm 15
0.0242686498894 8.9648e-09 6.908e-11 6.907e-11 6.9075e-11 nebula spi 12
0.0262691255626 8.95466e-09 4.581e-11 4.581e-11 4.581e-11 nebula spi 12
0.0282712894062 8.96507e-09 3.53e-11 3.53e-11 3.53e-11 nebula spi 12
0.030272313785 8.85011e-09 3.453e-11 3.453e-11 3.453e-11 nebula spi 12
0.0322734665604 8.87641e-09 3.457e-11 3.457e-11 3.457e-11 nebula spi 12
0.0342803791261 8.92679e-09 3.517e-11 3.518e-11 3.5175e-11 nebula spi 12
0.0362781904494 9.031e-09 3.629e-11 3.629e-11 3.629e-11 nebula spi 12
0.0382776807894 8.93982e-09 3.766e-11 3.766e-11 3.766e-11 nebula spi 12
0.0402852085619 8.84648e-09 3.948e-11 3.947e-11 3.9475e-11 nebula spi 12
0.0422810356326 8.85525e-09 4.171e-11 4.172e-11 4.1715e-11 nebula spi 12
0.0442838750173 9.00392e-09 4.478e-11 4.477e-11 4.4775e-11 nebula spi 12
0.0462855700015 8.82053e-09 4.892e-11 4.891e-11 4.8915e-11 nebula spi 12
0.0485451241823 8.75905e-09 4.762e-11 4.761e-11 4.7615e-11 nebula spi 12
0.0510441077063 8.67778e-09 6.24e-11 6.24e-11 6.24e-11 nebula spi 12
0.0537954588738 8.62804e-09 1.296e-10 1.296e-10 1.296e-10 nebula spi 12
0.0567996443493 8.33027e-09 1.0302e-10 1.0302e-10 1.0302e-10 nebula spi 12
0.0592987606126 8.42238e-09 1.3905e-10 1.3906e-10 1.39055e-10 nebula spi 12
0.0612979028333 8.48492e-09 1.5094e-10 1.5095e-10 1.50945e-10 nebula spi 12
0.0633061083003 8.74815e-09 1.8146e-10 1.8146e-10 1.8146e-10 nebula spi 12
0.0658029882671 8.75112e-09 2.1176e-10 2.1176e-10 2.1176e-10 nebula spi 12
0.0688090586363 8.44576e-09 1.1399e-10 1.1398e-10 1.13985e-10 nebula spi 12
0.0718035003828 8.36266e-09 7.527e-11 7.526e-11 7.5265e-11 nebula spi 12
0.0748075818421 8.30857e-09 7.75e-11 7.75e-11 7.75e-11 nebula spi 12
0.0778118276876 8.30904e-09 7.932e-11 7.931e-11 7.9315e-11 nebula spi 12
0.0808249819669 8.47375e-09 7.871e-11 7.871e-11 7.871e-11 nebula spi 12
0.0838196062539 8.43144e-09 8.598e-11 8.598e-11 8.598e-11 nebula spi 12
0.0868251648165 8.2658e-09 9.592e-11 9.592e-11 9.592e-11 nebula spi 12
0.0898143262585 8.18308e-09 1.1173e-10 1.1172e-10 1.11725e-10 nebula spi 12
0.0928208660864 7.59984e-09 2.3434e-10 2.3434e-10 2.3434e-10 nebula spi 12
0.0958397376874 8.17962e-09 1.6039e-10 1.6038e-10 1.60385e-10 nebula spi 12
0.0988429312921 8.35902e-09 1.4866e-10 1.4866e-10 1.4866e-10 nebula spi 12
0.102081164671 8.20327e-09 1.5731e-10 1.573e-10 1.57305e-10 nebula spi 12
0.105595549953 8.03877e-09 1.1654e-10 1.1655e-10 1.16545e-10 nebula spi 12
0.109080122347 7.8387e-09 1.1862e-10 1.1862e-10 1.1862e-10 nebula spi 12
0.112601873475 8.06552e-09 1.2604e-10 1.2604e-10 1.2604e-10 nebula spi 12
0.116103581383 7.8858e-09 1.3501e-10 1.3502e-10 1.35015e-10 nebula spi 12
0.119603975786 8.10119e-09 1.5578e-10 1.5578e-10 1.5578e-10 nebula spi 12
0.123096474934 7.8265e-09 1.6352e-10 1.6353e-10 1.63525e-10 nebula spi 12
0.127100019266 7.92058e-09 1.4793e-10 1.4793e-10 1.4793e-10 nebula spi 12
0.131596887143 7.71395e-09 1.6573e-10 1.6573e-10 1.6573e-10 nebula spi 12
0.136127420909 7.83492e-09 2.2603e-10 2.2604e-10 2.26035e-10 nebula spi 12
0.139876776846 7.29679e-09 7.5896e-10 7.5897e-10 7.58965e-10 nebula spi 12
0.143630150779 7.33341e-09 3.1392e-10 3.1392e-10 3.1392e-10 nebula spi 12
0.148130884616 7.63633e-09 2.0199e-10 2.0199e-10 2.0199e-10 nebula spi 12
0.152632007517 7.67186e-09 2.0197e-10 2.0197e-10 2.0197e-10 nebula spi 12
0.157125117833 7.4845e-09 2.2269e-10 2.2269e-10 2.2269e-10 nebula spi 12
0.161638799549 7.36564e-09 2.4867e-10 2.4867e-10 2.4867e-10 nebula spi 12
0.166627092526 7.23989e-09 2.2309e-10 2.2308e-10 2.23085e-10 nebula spi 12
0.17212565915 7.17159e-09 2.6579e-10 2.658e-10 2.65795e-10 nebula spi 12
0.177641984583 6.88957e-09 3.0314e-10 3.0314e-10 3.0314e-10 nebula spi 12
0.183166318442 7.15575e-09 3.3268e-10 3.3268e-10 3.3268e-10 nebula spi 12
0.188645137952 6.39355e-09 3.6496e-10 3.6497e-10 3.64965e-10 nebula spi 12
0.194153675433 6.34884e-09 5.6434e-10 5.6434e-10 5.6434e-10 nebula spi 12
0.198401803844 5.74605e-09 2.10197e-09 2.10197e-09 2.10197e-09 nebula spi 12
0.210157849804 7.16373e-09 2.1106e-10 2.1105e-10 2.11055e-10 nebula spi 12
0.230433500058 7.08827e-09 2.1861e-10 2.1861e-10 2.1861e-10 nebula spi 12
0.250464175463 6.68287e-09 2.598e-10 2.598e-10 2.598e-10 nebula spi 12
0.270486513746 6.50696e-09 3.2489e-10 3.2489e-10 3.2489e-10 nebula spi 12
0.290499651944 5.67401e-09 3.8002e-10 3.8003e-10 3.80025e-10 nebula spi 12
0.313000921673 6.35558e-09 4.2289e-10 4.2289e-10 4.2289e-10 nebula spi 12
0.338022505398 6.55701e-09 4.6612e-10 4.6611e-10 4.66115e-10 nebula spi 12
0.36303259193 6.49485e-09 5.459e-10 5.459e-10 5.459e-10 nebula spi 12
0.38810176372 5.59857e-09 6.4816e-10 6.4815e-10 6.48155e-10 nebula spi 12
0.413090888965 7.02498e-09 7.4081e-10 7.4082e-10 7.40815e-10 nebula spi 12
0.438072121928 6.92002e-09 9.3145e-10 9.3145e-10 9.3145e-10 nebula spi 12
0.46317553986 6.44862e-09 1.04623e-09 1.04623e-09 1.04623e-09 nebula spi 12
0.488141370781 5.20223e-09 1.18611e-09 1.18611e-09 1.18611e-09 nebula spi 12
0.513151516132 4.99358e-09 1.30753e-09 1.30753e-09 1.30753e-09 nebula spi 12
0.538202383035 4.87811e-09 1.19243e-09 1.19243e-09 1.19243e-09 nebula spi 12
0.563177915983 4.78821e-09 1.40876e-09 1.40877e-09 1.408765e-09 nebula spi 12
0.588227895773 9.71236e-09 1.67052e-09 1.67054e-09 1.67053e-09 nebula spi 12
0.613261380615 5.11388e-09 1.69837e-09 1.69837e-09 1.69837e-09 nebula spi 12
0.638330530104 7.92835e-09 1.80929e-09 1.80929e-09 1.80929e-09 nebula spi 12
0.665802798711 3.5005e-09 1.83596e-09 1.83597e-09 1.835965e-09 nebula spi 12
0.700883145468 2.86754e-09 2.181292e-09 2.18129e-09 2.181291e-09 nebula spi 12
0.745839905844 5.06622e-09 1.83217e-09 1.83217e-09 1.83217e-09 nebula spi 12
0.800839740782 3.84105e-09 2.08057e-09 2.08057e-09 2.08057e-09 nebula spi 12
0.866055285228 4.8365e-09 2.41357e-09 2.41357e-09 2.41357e-09 nebula spi 12
0.951142562752 4.91948e-09 2.03098e-09 2.03098e-09 2.03098e-09 nebula spi 12
1.15118631024 5.67069e-09 1.75246e-09 1.75245e-09 1.752455e-09 nebula spi 12
1.5015701158 6.46863e-09 2.08121e-09 2.08121e-09 2.08121e-09 nebula spi 12
111.287302689 2.9838e-10 3.352e-11 4.448e-11 3.9e-11 nebula fermi_33months 3
147.111158779 2.3492e-10 2.636e-11 2.451e-11 2.5435e-11 nebula fermi_33months 3
189.559527015 1.1717e-10 1.52e-11 1.482e-11 1.501e-11 nebula fermi_33months 3
250.579545041 7.8707e-11 1.1557e-11 9.955e-12 1.0756e-11 nebula fermi_33months 3
331.165903869 4.2498e-11 8.334e-12 7.318e-12 7.826e-12 nebula fermi_33months 3
426.820840203 3.6227e-11 6.523e-12 7.954e-12 7.2385e-12 nebula fermi_33months 3
550.105030449 3.9972e-11 7.196e-12 6.88e-12 7.038e-12 nebula fermi_33months 3
727.018758063 3.2101e-11 6.296e-12 5.522e-12 5.909e-12 nebula fermi_33months 3
961.049188616 3.9897e-11 6.53e-12 7.8e-12 7.165e-12 nebula fermi_33months 3
1238.07118639 2.7339e-11 7.04e-12 6.002e-12 6.521e-12 nebula fermi_33months 3
1636.23476699 3.5354e-11 8.039e-12 6.919e-12 7.479e-12 nebula fermi_33months 3
2108.84964261 3.5324e-11 8.034e-12 8.619e-12 8.3265e-12 nebula fermi_33months 3
2787.0554953 5.6827e-11 1.2045e-11 1.1115e-11 1.158e-11 nebula fermi_33months 3
3592.07682404 4.7489e-11 1.1522e-11 1.2773e-11 1.21475e-11 nebula fermi_33months 3
4748.3816324 5.7862e-11 1.5744e-11 1.7041e-11 1.63925e-11 nebula fermi_33months 3
8088.08331745 5.4419e-11 1.1534e-11 1.1949e-11 1.17415e-11 nebula fermi_33months 3
18203.1109591 1.0448e-10 2.6903e-11 2.55e-11 2.62015e-11 nebula fermi_33months 3
39961.8528591 8.8905e-11 3.1462e-11 3.3215e-11 3.23385e-11 nebula fermi_33months 3
76992.0026701 1.0829e-10 2.5646e-11 2.565e-11 2.5648e-11 nebula magic 10
87709.2942298 9.9884e-11 4.9026e-11 4.5756e-11 4.7391e-11 nebula fermi_33months 3
127012.252001 9.4321e-11 9.819e-12 9.819e-12 9.819e-12 nebula magic 10
202462.976065 1.4523e-10 8.6956e-11 8.401e-11 8.5483e-11 nebula fermi_33months 3
210012.728033 9.9625e-11 6.359e-12 6.355e-12 6.357e-12 nebula magic 10
345975.715688 8.3819e-11 4.411e-12 4.412e-12 4.4115e-12 nebula magic 10
487018.676783 6.6878e-11 9.12e-12 9.119e-12 9.1195e-12 nebula hegra 5
518974.018697 7.8113e-11 2.589e-12 2.589e-12 2.589e-12 nebula hess 7
569961.625503 6.8712e-11 3.644e-12 3.644e-12 3.644e-12 nebula magic 10
649001.374211 5.9251e-11 3.577e-12 3.576e-12 3.5765e-12 nebula hegra 5
729030.362982 6.5733e-11 1.703e-12 1.703e-12 1.703e-12 nebula hess 7
866055.285228 4.8303e-11 1.562e-12 1.562e-12 1.562e-12 nebula hegra 5
940038.447093 5.0257e-11 3.256e-12 3.256e-12 3.256e-12 nebula magic 10
1060097.0266 5.6166e-11 1.62e-12 1.621e-12 1.6205e-12 nebula hess 7
1154903.28429 3.9968e-11 1.923e-12 1.924e-12 1.9235e-12 nebula hegra 5
1540088.28168 3.4387e-11 9.87e-13 9.88e-13 9.875e-13 nebula hegra 5
1550049.675 3.803e-11 2.848e-12 2.849e-12 2.8485e-12 nebula magic 10
1550049.675 4.6961e-11 1.54e-12 1.539e-12 1.5395e-12 nebula hess 7
2054213.67676 3.0485e-11 8.11e-13 8.11e-13 8.11e-13 nebula hegra 5
2260193.47277 3.7643e-11 1.473e-12 1.473e-12 1.473e-12 nebula hess 7
2554145.39791 2.8113e-11 3.031e-12 3.031e-12 3.031e-12 nebula magic 10
2738076.74289 2.5944e-11 8.41e-13 8.4e-13 8.405e-13 nebula hegra 5
3300240.7037 2.6695e-11 1.396e-12 1.396e-12 1.396e-12 nebula hess 7
3652124.85557 1.9937e-11 7.7e-13 7.69e-13 7.695e-13 nebula hegra 5
4211585.44758 1.9328e-11 3.126e-12 3.127e-12 3.1265e-12 nebula magic 10
4870186.76783 1.5883e-11 7.6e-13 7.6e-13 7.6e-13 nebula hegra 5
4890413.89108 2.4328e-11 1.494e-12 1.494e-12 1.494e-12 nebula hess 7
6494498.43353 1.304e-11 8.1e-13 8.11e-13 8.105e-13 nebula hegra 5
6942975.23847 8.8818e-12 4.0933e-12 4.0932e-12 4.09325e-12 nebula magic 10
7180350.03828 1.8749e-11 1.486e-12 1.487e-12 1.4865e-12 nebula hess 7
8660552.85228 1.2256e-11 8.41e-13 8.41e-13 8.41e-13 nebula hegra 5
10400294.0022 1.1247e-11 1.3001e-12 1.299e-12 1.29955e-12 nebula hess 7
13333544.552 9.3448e-12 8.832e-13 8.832e-13 8.832e-13 nebula hegra 5
14799451.384 6.1415e-12 1.088e-12 1.0879e-12 1.08795e-12 nebula hess 7
20899967.7701 5.0809e-12 1.1198e-12 1.1197e-12 1.11975e-12 nebula hess 7
23716227.9743 4.7572e-12 6.307e-13 6.307e-13 6.307e-13 nebula hegra 5
30503215.038 1.4278e-12 7.3028e-13 7.303e-13 7.3029e-13 nebula hess 7
42174079.8902 3.1341e-12 7.123e-13 7.123e-13 7.123e-13 nebula hegra 5
74997297.9065 1.847e-12 9.1e-13 9.099e-13 9.0995e-13 nebula hegra 5
